#Trabalho Prático Computação Cientifica

1 -  Criar um algoritmo para Cacular a Precisão(simples e dupla) da Máquina

  a) Precisão estão listadas nas tabelas abaixo.
  
  b) Como a cada passo A é dividido por 2, então devemos ao final do loop multiplicar o valor de A final para que retornemos um passo antes da soma de A + 1 for igual = 1.
  Exemplo:
	Em C++ com precisão dupla o valor de A para que A + 1 = 1 é 1.110223e-016
	Sendo assim temos que pegar o valor anterior a esse no qual A + 1 > 1 , sendo esse valor 2.220446e-016.
	
  c) O valor da precisão encontrada se altera em função da referência passada, pois elas são inversamente proporcionais já que quanto maior o valor de entrada menor vai ser a precisão.
  

## Tabela de Máquinas Testadas
Máquina | Sistema Operacional        | Processador          | Memória | Base Processador
---     | ---                        | ---                  | ---     | ---
#1      | Windows 8 Single Languae   | Intel Core i7-3632QM | 6GB     | x64
#2      | Windows 7 Enterprise       | Intel Core 2 DUO     | 8GB     | x64
#3      | Windows Vista Home Premium | Intel Core 2 Quad    | 4GB     | x86

## Tabela de Precisão

Máquina | Precisão Simples        | Precisão Dupla          | Linguagem
---     | ---                     | ---                     | ---
#1      | `-`                     | `2.220446049250313e-16` | `JavaScript`
#1      | `1.1920929E-7`          | `2.220446049250313E-16` | `Java`
#1      | `1.192093e-007`         | `2.220446e-016`         | `C++`
#1      | `1.192092896E-07`       | `2.22044604925031E-016` | `Pascal`
#3      | `-`                     | `2.2204460492503E-16`   | `PHP`
#3      | `-`                     | `-`                     | `JavaScript`
#3      | `-`                     | `-`                     | `VisualG`

## Tabela de Precisão em função da Referência

### C++ (#3)

Referência | Precisão Simples | Precisão Dupla 
---        | ---              | ---            
10         | `9.536743e-007`  | `1.776357e-015`
17         | `1.907349e-006`  | `3.552714e-015`
100        | `7.629395e-006`  | `1.421085e-014`
184        | `1.525879e-005`  | `2.842171e-014`
1000       | `6.103516e-005`  | `1.136868e-013`
1575       | `1.220703e-004`  | `2.273737e-013`
10000      | `9.765625e-004`  | `1.818989e-012`
17893      | `1.953125e-003`  | `3.637979e-012`

### Pascal (#3)

Referência | Precisão Simples  | Precisão Dupla 
---        | ---               | ---            
10         | `9.536743164E-07` | `1.77635683940025E-015`
17         | `1.907348633E-06` | `3.55271367880050E-015`
100        | `7.629394531E-06` | `1.42108547152020E-014`
184        | `1.525878906E-05` | `2.84217094304040E-014`
1000       | `6.103515625E-05` | `1.13686837721616E-013`
1575       | `1.220703125E-04` | `2.27373675443232E-013`
10000      | `9.765625000E-04` | `1.81898940354586E-012`
17893      | `1.953125000E-03` | `3.63797880709171E-012`

### Java (#3)

Referência | Precisão Simples | Precisão Dupla 
---        | ---              | ---            
10         | `9.536743E-7`    | `1.7763568394002505E-15`
17         | `1.9073486E-6`   | `3.552713678800501E-15`
100        | `7.6293945E-6`   | `1.4210854715202004E-14`
184        | `1.5258789E-5`   | `2.8421709430404007E-14`
1000       | `6.1035156E-5`   | `1.1368683772161603E-13`
1575       | `1.2207031E-4`   | `2.2737367544323206E-13`
10000      | `9.765625E-4`    | `1.8189894035458565E-12`
17893      | `0.001953125`    | `3.637978807091713E-12`

## Tabela de e^x sendo x > 0
x   | n   | Resutado
--- | --- | ---
1   | 1   | `1.00000000000000000e+000`
1   | 10  | `2.71828152557319220e+000`
1   | 20  | `2.71828182845904550e+000`
1   | 30  | `2.71828182845904550e+000`
1   | 40  | `2.71828182845904550e+000`
1   | 50  | `2.71828182845904550e+000`
1   | 60  | `2.71828182845904550e+000`
1   | 70  | `2.71828182845904550e+000`
1   | 80  | `2.71828182845904550e+000`
1   | 90  | `2.71828182845904550e+000`
1   | 100 | `2.71828182845904550e+000`
1   | 150 | `2.71828182845904550e+000`
1   | 155 | `2.71828182845904550e+000`
2   | 1   | `1.00000000000000000e+000`
2   | 10  | `7.38871252204585450e+000`
2   | 20  | `7.38905609893017350e+000`
2   | 30  | `7.38905609893064860e+000`
2   | 40  | `7.38905609893064860e+000`
2   | 50  | `7.38905609893064860e+000`
2   | 60  | `7.38905609893064860e+000`
2   | 70  | `7.38905609893064860e+000`
2   | 80  | `7.38905609893064860e+000`
2   | 90  | `7.38905609893064860e+000`
2   | 100 | `7.38905609893064860e+000`
2   | 150 | `7.38905609893064860e+000`
2   | 155 | `7.38905609893064860e+000`
5   | 1   | `1.00000000000000000e+000`
5   | 10  | `1.43689456569664880e+002`
5   | 20  | `1.48413107868338300e+002`
5   | 30  | `1.48413159102572390e+002`
5   | 40  | `1.48413159102576570e+002`
5   | 50  | `1.48413159102576570e+002`
5   | 60  | `1.48413159102576570e+002`
5   | 70  | `1.48413159102576570e+002`
5   | 80  | `1.48413159102576570e+002`
5   | 90  | `1.48413159102576570e+002`
5   | 100 | `1.48413159102576570e+002`
5   | 150 | `1.48413159102576570e+002`
5   | 155 | `1.48413159102576570e+002`
10  | 1   | `1.00000000000000000e+000`
10  | 10  | `1.00865731922398590e+004`
10  | 20  | `2.19503788494319410e+004`
10  | 30  | `2.20264602662712860e+004`
10  | 40  | `2.20264657947905430e+004`
10  | 50  | `2.20264657948067110e+004`
10  | 60  | `2.20264657948067110e+004`
10  | 70  | `2.20264657948067110e+004`
10  | 80  | `2.20264657948067110e+004`
10  | 90  | `2.20264657948067110e+004`
10  | 100 | `2.20264657948067110e+004`
10  | 150 | `2.20264657948067110e+004`
10  | 155 | `2.20264657948067110e+004`
25  | 1   | `1.00000000000000000e+000`
25  | 10  | `1.59474030426862870e+007`
25  | 20  | `9.61804248234527780e+009`
25  | 30  | `5.88925251984854430e+010`
25  | 40  | `7.17569455176620940e+010`
25  | 50  | `7.20043986653414460e+010`
25  | 60  | `7.20048991853073270e+010`
25  | 70  | `7.20048993373766630e+010`
25  | 80  | `7.20048993373858800e+010`
25  | 90  | `7.20048993373858800e+010`
25  | 100 | `7.20048993373858800e+010`
25  | 150 | `7.20048993373858800e+010`
25  | 155 | `7.20048993373858800e+010`
45  | 1   | `1.00000000000000000e+000`
45  | 10  | `2.58964941424776790e+009`
45  | 20  | `3.57623755200725500e+014`
45  | 30  | `2.56319709072012380e+017`
45  | 40  | `7.27966698447067550e+018`
45  | 50  | `2.63124218902107910e+019`
45  | 60  | `3.42827072641421150e+019`
45  | 70  | `3.49225926101128190e+019`
45  | 80  | `3.49342152190938190e+019`
45  | 90  | `3.49342709763458540e+019`
45  | 100 | `3.49342710574448600e+019`
45  | 150 | `3.49342710574851030e+019`
45  | 155 | `3.49342710574851030e+019`
65  | 1   | `1.00000000000000000e+000`
65  | 10  | `6.60672500635480880e+010`
65  | 20  | `3.21179099963861310e+017`
65  | 30  | `7.51200687566523620e+021`
65  | 40  | `5.90185459570797360e+024`
65  | 50  | `3.98509101581418120e+026`
65  | 60  | `4.25522956311594210e+027`
65  | 70  | `1.21432795776547450e+028`
65  | 80  | `1.62803657462204300e+028`
65  | 90  | `1.69164986447373340e+028`
65  | 100 | `1.69483207959736760e+028`
65  | 150 | `1.69488924441033380e+028`
65  | 155 | `1.69488924441033380e+028`
85  | 1   | `1.00000000000000000e+000`
85  | 10  | `7.12779919903853760e+011`
85  | 20  | `4.80749515922322060e+019`
85  | 30  | `1.52770721099201470e+025`
85  | 40  | `1.57410160140674430e+029`
85  | 50  | `1.30643525515620280e+032`
85  | 60  | `1.50589588574679880e+034`
85  | 70  | `3.52810032540145290e+035`
85  | 80  | `2.29684139685202760e+036`
85  | 90  | `5.69118372872268570e+036`
85  | 100 | `7.72351324374268990e+036`
85  | 150 | `8.22301271359749730e+036`
85  | 155 | `8.22301271457070030e+036`
99  | 1   | `1.00000000000000000e+000`
99  | 10  | `2.76614836127899900e+012`
99  | 20  | `8.38049580084950470e+020`
99  | 30  | `1.18837281821869620e+027`
99  | 40  | `5.41034167016595530e+031`
99  | 50  | `1.95357904642341810e+035`
99  | 60  | `9.54662262617155580e+037`
99  | 70  | `9.05265302656230580e+039`
99  | 80  | `2.18270917558844290e+041`
99  | 90  | `1.68242994458915820e+042`
99  | 100 | `5.20850944574847510e+042`
99  | 150 | `9.88901930509815540e+042`
99  | 155 | `9.88902913694901430e+042`
100 | 1   | `1.00000000000000000e+000`
100 | 10  | `3.02506562591228710e+012`
100 | 20  | `1.01204749587630130e+021`
100 | 30  | `1.58417724171460970e+027`
100 | 40  | `7.95751677894356060e+031`
100 | 50  | `3.16781183958093940e+035`
100 | 60  | `1.70467040679957640e+038`
100 | 70  | `1.77653127091313480e+040`
100 | 80  | `4.69111992033618880e+041`
100 | 90  | `3.93395660846882580e+042`
100 | 100 | `1.30830984328833410e+043`
100 | 150 | `2.68811207683768490e+043`
100 | 155 | `2.68811657088610140e+043`
